108
[252000],
[252000],
[252000],
[252000],
[252000],
[252000],
[252000],
[252000],
[248000],
[248000],
[248000],
[248000],
[248000],
[248000],
[248000],
[248000],
[4000000],
[4000000],
[4000000],
[4000000],
[4000000],
[4000000],
[4000000],
[4000000],
[4000000],
[4000000],
[4000000],
[4000000],
[252000],
[252000],
[252000],
[252000],
[252000],
[252000],
[252000],
[252000],
[248000],
[248000],
[248000],
[248000],
[248000],
[248000],
[248000],
[248000],
[252000],
[252000],
[252000],
[252000],
[252000],
[252000],
[252000],
[252000],
[248000],
[248000],
[248000],
[248000],
[248000],
[248000],
[248000],
[248000],
[252000],
[252000],
[252000],
[252000],
[252000],
[252000],
[252000],
[252000],
[248000],
[248000],
[248000],
[248000],
[248000],
[248000],
[248000],
[248000],
[252000],
[252000],
[252000],
[252000],
[252000],
[252000],
[252000],
[252000],
[248000],
[248000],
[248000],
[248000],
[248000],
[248000],
[248000],
[248000],
[252000],
[252000],
[252000],
[252000],
[252000],
[252000],
[252000],
[252000],
[248000],
[248000],
[248000],
[248000],
[248000],
[248000],
[248000],
[248000],
16, 16, 16, 20, 20, 20, 24, 24, 24, 0, 16, 1, 17, 2, 18, 3, 19, 4, 16, 5, 17, 6, 18, 7, 19, 8, 16, 9, 17, 10, 18, 11, 19, 12, 16, 13, 17, 14, 18, 15, 19, 28, 29, 30, 31, 32, 33, 34, 35, 36, 37, 38, 39, 40, 41, 42, 43, 0, 24, 1, 25, 2, 26, 3, 27, 4, 24, 5, 25, 6, 26, 7, 27, 8, 24, 9, 25, 10, 26, 11, 27, 12, 24, 13, 25, 14, 26, 15, 27, 44, 60, 45, 61, 46, 62, 47, 63, 48, 64, 49, 65, 50, 66, 51, 67, 52, 68, 53, 69, 54, 70, 55, 71, 56, 72, 57, 73, 58, 74, 59, 75, 76, 20, 77, 21, 78, 22, 79, 23, 80, 20, 81, 21, 82, 22, 83, 23, 84, 20, 85, 21, 86, 22, 87, 23, 88, 20, 89, 21, 90, 22, 91, 23, 
17, 18, 19, 21, 22, 23, 25, 26, 27, 28, 28, 29, 29, 30, 30, 31, 31, 32, 32, 33, 33, 34, 34, 35, 35, 36, 36, 37, 37, 38, 38, 39, 39, 40, 40, 41, 41, 42, 42, 43, 43, 44, 45, 46, 47, 48, 49, 50, 51, 52, 53, 54, 55, 56, 57, 58, 59, 60, 60, 61, 61, 62, 62, 63, 63, 64, 64, 65, 65, 66, 66, 67, 67, 68, 68, 69, 69, 70, 70, 71, 71, 72, 72, 73, 73, 74, 74, 75, 75, 76, 76, 77, 77, 78, 78, 79, 79, 80, 80, 81, 81, 82, 82, 83, 83, 84, 84, 85, 85, 86, 86, 87, 87, 88, 88, 89, 89, 90, 90, 91, 91, 92, 92, 93, 93, 94, 94, 95, 95, 96, 96, 97, 97, 98, 98, 99, 99, 100, 100, 101, 101, 102, 102, 103, 103, 104, 104, 105, 105, 106, 106, 107, 107, 
